% Poplulate
M1=[1 2 3 4 5;6 7 8 9 10; 11 12 13 14 15;16 17 18 19 20]
% Commands
X=M1(1,[1 3 5])
Y=M1([1 3 4],1)
Z=M1([3 4],[3 4])